111100111010111001111111001111101111011111111111110111100111111101001111101111111111111110011001111110111111001110111111111111110001111111110111110111110111111011000010100000010000000000000000111011111110111111011111111101010111111111111100011110111001111110111111111111110011111011111011110111
111011101111100011111110111011111001011111111111110111101110101011111111101111110111111011110010011110101111101110110111111101101110011111111000111111111111111100110110100111111111011110110110111001101010111011001110111111001111011111011111110101111111111110111111110111111011111011111011111110
011011111111111111101110111111111101111111111111110111101011010111011111111111111101111011111111011101111111111110111111111110011101111111111011111111111111111111100010100000010000000000000011111111111111111111100111111111111011111110111111110111111111111100111101110111111111111110011011111011
111101111010101111111111111111101111111111110101010111100101111101011111111111111111111110010001011111110111001110011111010110110011111011100111110111111011111111000000000001000000000011000000111110011111111111001110111111010111010011111110111110111001110010111100111111111110111011111011111111
111111111111111101111111001111111111111111110111110111110111110101001111111111111111111110111111011111111111101110111111010111111101111111111110110111111011110111101110111111111110011011111111111110111111111111110010111101011011011110011111010111111111111110111011111111110011111011111011111111
111111111111111011111111111011111111111111110111111111111111011111001111111111111101111011101111111110111111111111111111111110111101111111100111111111110000000000011111111111111011111111011011101010111110111111101110001111101111011111111111111111110111110110111001111111111111111111011111111011
010000000000100001100000000001100101000100101100010111100011000001011000101110001001011000000001010100100001000010010010010100010010100001000110001011010011000000000010000010010000011000001010000010100001000001000010011100000100011100010100100101110100101000100010011111010001000000100000001110
111111111111111101111110001011111111111111110111110111111111111101001111111111101110111100001101111110011111101110101111111111111101111011110111110011111011110111111111111111111111111101001011111110110111110111000010111001010111011110101111010111111111110110110011111111110011111011111010111111
111011111111111011111111111011111111111111010111110111111111111111111111111111111111111011111111011111111111111110111111010111111111111111100111110111111011110111101110111111111011111111111011101010111111111111010010101111101011011110111111110111110111111110111011111111111111111011111011111011
111111111111101011111111111111111111101111110111111111101011111111011111111111111111111011010111011111111111011111111111010111110111111011100111110111110011111011000100000010010000001000000000111010111111111111001111111111111111111111111111111111111011110010101110111111110111111011111011110111
111001111110010011101011111011101111111011110111011111111111110101001111110111011011111101101011011110111111111111111111010110011100111111110110110111111011101111101110101011111001111011010111111011110111011111101110111111111111011111111110100111111111110110010011111110111111111010111111001111
111111111111011101111111001111101111111111111111110111111111011101001110111111111111111111111111111111010111101110111111111111111101111111111111110101111111110111111111111111011101111011111111111110111111111111110010111101011011011110111111010111111111111110111001111111110011111011011011011011
111101111010011111101111111111101111101111111111010111100111010111001111110111111111111110001001111110101111001110111101111110011000111111111110111111111111100111100001100010001011101010000010011010010111110111000010111111110111011110111110110110111000111110010001111110111011111110011011101010
111101111010111111111111111011101111111111110111110111110111111111001111111111111111111110001001111110111111001110111111111111111011111111110111111111111111111111111111111111111111111111011111111111011111111111001110111011110111011111111110111111111001110110011011111111111111111111111011110111
111111111011111001111111001011111111111111110111110111110111111101001111111111111111111010001001111110011111001110111111111111111001111111100111110101111101111111111111111111111011111111011011101010111110111111001110101001000111011111111100011111110101110110111011111111110011111011111011110111
111111111111111111101010111111111101111111110111110111111111011111111111111111011111111010001011011101111111111110111111010111011111110001011011110111111011110000101010111111111111100010011111011011110111110110000111111111100011011110111110110111111000101100111111110111111111111011111011111111
110001111010111111111110001111101111111111110101110111100111111111001111111011011111111110011000111111111101001110111101111111011011111111111111111111111111110110101100000000000000000000000011111110110011111110010010111111110011011110111110110110111001111000011011101111111111111111111011110110
111110111111101011111111111111111111111111110111111111110111110111011111101111111111111110010111011110111111011111111111010111110111111011100110110111110011111011001010111111111010011011111111111010111111111111001111111111111111111111011111111111111011110010111100111111111111111011101011110111
011101111010111111101111111111111111111111111111110111110011010111011111111111111111111110011001011111111111001110111111111110111001111111111111111111111111111111111111111111111101111111111111111111011111111111010011111111110111111111111100111110111001111111111101111111111111111111011011110011
111110111111111001111111001111111111011111110111111111110111110101001111101111111111111110011111011110111111101111111111010111110101111111100110110101110011111011001110111111111010011011111111111011111111111111111111111101011111111111011111011110111011111110111111111111110011111011101111111111
111111111110111001101111011011111111111111111111111111111111111101001111111111111111111011111011111111111111101111111111111111111111111111100111111111111101111110111111111111111011110110011011001010110110110111111111101101001111111111111110010111110111111101111111111111110011111011111111111111
111101111010001011111111111001101111111111110111010111110111010111011111110111111111111010011001011111111111000110111111010110011000111111100110110111111001101111101110111011111001111110110000101010011110111111011111001110100111111111111110111111110001111101010100111111111111111010111011100111
111111111111111101111111001111111111111111110111110111111111111101001111111111111111111111111111011111111111101110111111010111111101111111111111110111111011110111101110111111111111111111111111111110111111111111110010111101011011011110111111010111111111111110111011111111110011111011111011111111
111000111011101111111110001111111111011111110111110111100111111111001111111111011111111110010001111111111111001110111111111111110011111011101111111111111111110111100010000000000000000010000000111110110111111111000010111111110011011110111100110111111101110000011000111111111111111111111011110111
111001111010101111101110001111101111011111110111010111100111010111001111110111011111111110011001111111111111101110111111111110010000111011101110111111111111101111100100000000010000011000000010111010010111111111001111111111110111111111111100111110111000110000011101111110111111111111011011101011
111111111111011101101011101111111111111111111111010111101111010111001111110111011111111111111011111111111111101110111111111110011100111111111110110111111111100110100000000010000000000010000010011010110111110111110010111101011111011110111110010111111110111100010001111110110011111010011011101011
111111111111111001111111001011111111111111110111110111101111111101001111111111111111111011111111011111111111101110111111010111111101111111100111110101111001110111100010100000010000001000000000101010111110111111110010001101001111011110111111010111110111111110111011111111110011111011111011111111
111111111111011111101111111011111111111111110111011111111111010111001111110111111101111111101111001110111111111101111111010110011100111111110110111111111011101111101110111011111101111111011111111011111111111111101110111111111111011111111111111111111111110110010011111111111111111010011111101011
111011111010111011111111101101111111111111110111010111111111111111011111101111111111111111110111011110111111101110111111010111110111111111100111100111110011111011000110111111111011111011111110111010111111011111101111111111101111011100001111110111110011111110111111111101111101111011101011010111
111001111111111011111110001011111111111111110101010111101101111101001111111111011111111011111111111111110111101110011111111110111111111111100111111111111101110111000000000000000000000000000000101010110110111111100010001111001011010010111101110111110111111100011001111111111110111111111011111111
111001111111111111111110001111111111111111110111111111111111011111001111110111011111111110001111111111111111111011111111111111111111111001011111111111100000000000011111111111111111110011111111111011110111111110100111111111100011111111111111111111111001001100111111111111111111101111111011111111
111100111010111011111111111111111110011111110111110111100111111111011010101101111100111110011001001110110111001100111111010111110011110101110010110111110011100011000110000000000000001000000010111010001111111111001010101110110011010110100100110110111000011110010011111011111111111011111011100111
101001001110001000100100000010000100110010100010010000000001000101011000000101010100010010101100000000110111011100001110010100000100000001010010110110010011001001001100000011010000010011010010110000100110000011000010110000011001000110000010000101001101011100000001010001000011110010000010000000
111011111111111001101111011011111111111111111111111111101111011111011111110111111101111011111011101111111111101101111111111111111111111011100111111111111111111111100110100000010000000000000000101010111111111111011111001111101111111111111110111111110110111101111111111111111111111111111111111111
111001111010001111101110001111111111011111110111010111100111010111001111110111011111111110010001111111111111001110111111111110010000111011101110111111111111101111100000000000000000000000000000111010010111111111001111111111110111111111111110111110111000110000010100111110111111111110011011100011
111111111110111101101110001111101111111111110111110111111111111111001010111111110101111110011001101111110111101100111111110111111111100011111010110111011011000111101111111011011110101011101010111100101111111111101110111110111011010110110110110111111101011110010011111011110111110111111011101111
111101111010111101101110001010001111111111110111110101110111110001001111101111111111111110011001011110101111001110111111111110111000111111111011110111111011111111111110101111111001111111011011110110011110111111011111111001010111111111111110011111101001111111011111111111110011111011111011110110
111111111111111111101110111111111111111111110111010111111111010111011111111111111111111111111111011101111111111110111111010110011100110111111010110111111011101111101110111011111101111111111111111111111111111111101111111111111111011110111111110111111111111110010101111111111111111010011011101011
111001111010111111111110001011111111111111110111110111100111111111001111111111011111111110001001111110011111001110111111111111111011111111110111111111111111111111100100100000100000000010000000111111110111111111001110111011110111011111111100111110111001110100011011111111111111111111111011111111
011110111111111011100111101111111011011111111111111111111011010111001111101111111111111111011101011110011111110111111111111110110101111111110111110101110111111001011111111111111001111111111111111011111111111111110011111111111111111110111111011110111011111110111101111111111111111110011111111011
111111111010011111101011111111111111111111110111110111111111011111001110111111011111111110011001011111110111001110111111010111111001111111111111110111111011110110101110111111011101110010011111011110110111110111010010111111111011011110111100110111111001111100111001111111111011111011011011010011
111001111010111111111110001111101111111111110111110111100111111111001111111111011111111110011001111111111111001110111111111111111011111111111111111111111111110111100010000010000000000010000000111110010111111111010010111111110011011110111100110110111001111100011011111111111111111111111011110111
111001111111101101101111011011011111011111111111011101111100110101111111101111111101111111010111011110101111001111011111111110110110111011000011111111111111111111011110101111111001111111010111110110111111111111001110111111011111010111111111111111101111110010111110111111111110111011111011110110
111011111010111011101111101111111111111111111111110111101111010111011111111111111111111111110111111111011111111110111111110110111101111111110111101111111111111111100110100000010000001000000010101010111111111111101111111111111111011101101111110111110111111110111101111111111101111111011011011011
111001111010111011111111111011101111111111110111010111110111011111011111111111011111111010011001011111111111001110111111010111111001111111100111110111111001111111101110111111111011111111111011101010011110111111011111101111100111111101111110111110110001110111111101111111111111110011011011110011
111111111111111011111111111011111111111111111111111111101111111111111111111111111101111011111111111111111111111111111111111111111101111111100101110110110010000000000010100010000000001000010010101110111111111111111111001111101111111111111111111111110111111101111111111111111111111111111111111111
111101111010111110111111111111111111111111110111110111110111111111001111111111111111111110011001011110111111001110011101010111011010111111111111110111111011110111101110101111111111111111111111111110011111111111010010111111110011011110111100110110111001111110111011111111111111111010111011110110
111110111111101001111111001111111111011111110111110111111111111111001111101111111111111111010111011110111111001110111111110111110111110011100011110101110111111011001010111111111011111111111111111011111111111111001111111101011011011110111111010110111011110010111100011111111011111011111011111111
101111111011111111110111111111111111111111110111110111101111111101111111111111111111111111011101011111111111111110111111010111111111111111111111110111111011110101100000000110001010000000010000111110111111111111110010111111111011011110111111110111111111111110111011111111111111111011111011111011
111111111010111101111110001111111101111111110111110111100111111101001111111111111111111010011001011101111111001110111111110111011001110111111011110101111111111111100000000010010000000010010000111111111111111111001111111101010011011110111100010110111001111110111111010111110011111011111011110111
111111111111111001101111001111111111011111110111110111111110111101000110111111011111111111110011011011111111001110110111010111111101111101111111110101111011110110101110111111111111111010111111011110111111101111110010111101011011011110011110010111111101111100111011111111110011111011111011111111
111001111010111111111110001111101111111111110111110111100111111111001111111111011111111110011001111111111111001110111111111111111011111111111111111111100000000000000000000010000000001000000001111110010111111111010010111111110011011110111100110110111001111100011011111111111111111111111011110111
111001111010111111111110001111101111111111110111110111100111111111001111111111011111111110011001011111111111001110111111010111111011111111111111110111111011111111100100000000000000001000000010111111010111111111011111111111110111111111111100111110111001111100011111111111111111111011111011110111
111111111111111101111111001111111111111111111111111111111101111101001111111111111111101111111111011111110111101111011111010110111101111111110111110101111001111111001110111111111111111111010111111011111110111111101110111101011111010111111101011111111111111100111111111111110010111011111111111111
111111111110101011101111111111111111111111100110010111111111110111011111101111101111111111110111011110111111011110111111010100110111111001100110110111110011000011000110111111111001111111101111111010111111111111000010111111110011011110111111010100110011110010111000111011111101111011111011110111
111101111010111111111111111111101111111111110111110111100111111111011111111111111111111110011001011111111111001110111111010111111011111111111111110111111011110111100100000000000000001000000010111110011111111111010010111111110011011110111110110110111001111110111011111111111111111011111011110111
111001111111111111011110001111111111111111110111110111101111111111001111111111011111111111111011111111111111111101111111111111111011111111111111111111100000000000000100000000000000001000000010111111110111111011101001111111011111111111111111111111111111111100010111111101111111111111111111111110
111001101111111011111110001001111011111111110111010111101111111111001111111111010111111011100111111110011111101110111111111111111111111111100111111111111111111111100000100000010000000000000000111111110101011011101110111011101111011110011111110111111111110100011011111101111111111011101011110111
111111101110111011101011111101111010111111111111110111111111111111111010111101010100111010111011101111110111111100111111110111111111110101111010111111111111100110100110111111011111110010001110011110100101110001101010101110111011010110010110110111111111011100010011111011111111111011111011100111
010000001000000000100010100001000111111111111111010011100011000111001011111111111111111000000000010100100101000010010000010000000000000010100010001111010011000000000010100000010000000000001000000100100001000110100100001100000000010100010110000101100001000010010001010011010000100010100000000000
111001111111111101101110001011011111111111110111110101111111110101001111101111111111111111011101011110101111111110111111111110111110111111011011111111111011110111111110101111111001111111011011110110111111111111100010111111111011011110111111110111101111111100011011111111111111111011111011111010
111101111011110101101011001101101111111111111111110111110101111111001110111111011101111110011001111111110111001100111111110111111001110111111010110101111111100110101110111011010111110010000111011010010111110111001011101101010111010110100100010110111000011100010011111111010010111011111011101111
111110111111111000100110001111111101011111110111110111101101110101001111101111011111101001011111010110111111101110111111011110010101100011110011110101110111011011000010000000000000000000001110111011111111110101100111111101011011011110111111010110111011111100111111110111110011111011111010111111
111101111010110111111111111011101111111111111111110111110111111111011111111111111111111110011000011111111111001110111111111101101010111111111000111111111111110111110111111111111111111110110111111000111011111111010010111111110011011110111100110110111001111110111011111111111111111111111011110111
011101111010111010111111111011101111111100111111110111110111011111001111110111111101111010010001111000101111001110010101111111010010111101100111111111011100010110111111101111111011111111111011101010111110111110010010001111100011011110111100110110110001111110110011011111111011111110111001110110
010011101011111011111111011001111011011111100100110101110011010101101111001011100101111010001100111010101101101110111100111011111111101111000110111111111111101110110110100110111110011000011110101011111001111010101110111111110111011101011111110111111101110010110011011111011111111011111010101110
111101111010111011111111111011101110111111110111110111110111111111011010111101111100111010011001001111110111001100111111010111111011110111100010110111111001100111101110111111011011111011101011101010001110111111011010001110100011010110110100110110110000111110010011111011111111111011111011100111
111001111111011111101100001011111111111111100111011111111111010111001111111111011111111111101111011110011111111111011111010110011100111111110010110111111011101111101110101010011101111001010111111011110111111111101110101011111111011111111111111111111110110100110011111110111111111010001111101011
111101111001111101111111001110111111111011101111110111110111011101001111111111111111111110011001111111111111001110111111111101110001111111101111110100111111110011111111111110011111111111111111101110110011110111010010111101010011011110111100010111111101111110101011111111110011111000111011110111
111101111010111110100110111111111111111111110111110111100101110111011111111111011111101100011001011111111111001110111111011110110011101011111111111111110111011111100100000110011000001000000000111111011111110101011111111111110111111111111110111110111001111111111111111111111111111111111010110111
111101111010111001111111000011101111111111111000010111110111101101001111111111100111111010010000011111111111001100011111111110001001111111100000000101111101110110011111111111111011111110000011101000011110111111010010101101000000000000111110010111110001111110111011111111110011111011111011110111
111110111111011001101111001011111111011111111111010111111111010111001111100111111111111011011111111110111111101110111111111110010100111111100110110101110101100011011111111011111001111111110011101010111110111111110010001101001011011110111111010110110010111110010001111110110011111010011011101011
111011111011111101111110001011111111111111010111111111111111111111001111111111111111111111001101111110011111111111111111101111111001111111110111110111110010000000011111111111111011111111011011111010111111111111001110111011111111011111111111111111111111110110011011111111110111111111111111111011
111110111111101101111111101111111111011111111111110111101111111111001111111111111111111111010111011111111111001110111111111111110101111011101111110111111111110111100000000000010000011000001011111110111111111111000010111101011111011110111111010111111111110010111000111111110011111011111011110111
111111111111011011111110101011101111111111110111111111111111011111001110111111111111111011011101011111010111111111111111010111111101111111100111110111111001111111101110111111011001111011111011101010111110111111111111001111101111111111111111111111110111111111011101111111111011111011011111011011
111001111111111111111110001111111111111111111111110111111111111111001111111111010111111111111111011111111111111110111111010111111111101111111111110111011011010111101110111011111110101101111010111100110111111111110010111110111011011110111110110111111101111100011011111011110111110011111011111111
111101111010111011111111111011101111111111110111110111110111111111011111111111111111111010011001011111111111101110111111010111111011111111100111110111111001110111100100100000000000101000001000101010111110111111010010001111101011011110111100110111110111111110111011111111111111111011111011111111
111101111010111011111111001011001111111111111111010111101111111111011111101111110111111010001001111111111111001110111111111111111011111111100111111111111101111111100110100000010000000000000000100010010110111011011101001111100111111111111110111111100001111111111111111111111111111111110011111111
111101111010111010100110111011101111111111110111110111100101110111011111111111011111101000011001010111111111001110111111010110110011101011100111110111110001011111100100000000000000001000000010101010011110110101010111001111100111111111111110111110110001111101111111111111111111111011111010110111
111111111110111001111111001011111110111111111111110111111011010101001110111101111100111010111111111111100111101100111111110111111101110101100111110101111101110111101111111111011010011011101011101010111110111111101010101100001111010110110111010111111111011100110001111111110011111011110011100111
111101111010111101111111001111101110111111111111110111100111111101001010111111111100111110011001111111110111001100111111110111111001110101111011110101111111100111100100000010010000000010000000111110011111111111001010101100010011010110100100010110111001111110010011111011110011111011111011101111
111101101010111001111111001101101011111111111111110111110111111101001111111111110111111010011001111111111111001110111111111111111001111111111111110101111111111111111110111111111111111111111110111111011101111011001111111101010111011111011110010110111001111110111111111111110011111011111011110111
111101111010111111111111111111101111111111110111110111100111111111011111111111111111111110011001011111111111001110111111010111111011111111111111110111111011110111100100000000000000001000000010111110111111111111010010111111110011011110111100110111111001111110111011111111111111111011111011110111
111111111111111011110111101011111111111111100111110111111111111111111111111111010111101011111111011101111111111110111111010111111111101111100111100111111001111111101110111111111011111111111011101010111110111111111111001111101111011111111111110101110101111100111111111111111111111011111011111111
111101111010111011111110111011111111111111111111110111110111111111011111101111111111111001011001111111111111001100111111011111111011111111100111111111111101111111100100100000000001101010000010101010011110111111011111001101100111111111111100111111110011111111111011111111111111111111111010111111
101101011010110000000111000011001110110110100110010101110011010101011100001101010001001101001001010101110111101110101111010010110000100000000010110111010011000011001100110011010000101001010010100000000111011011000010001100110101000110101110000111100001111100100001011001010101110010011110000001
111101111010111011111111111111111111111111110111110111110011111111111111101111011111111110010001011110111111001110111111010111111011111111110111110111110011111011000010000000000000100000000110111011011111111111001111111111110111111110111110111111111001111110111111111111111111111011111011110111
111100111010101011111111111111101111011111110111010111110111010111011111100111111111111110010001011110111111001110111111010110010000111011100110110111110011101011001010111011111001111111110111111010011111111111001111111111110111111111111100111110111000110010010100111110111111111010011011100011
111100111010111011111111111111101111001111111111110111110011111111011111101111111111111010011001111110111111001110111111111111110011111111110111111111100000000000000100100000000000101000001000111011011111111111011111111111110111111111111100111110111001111110101111111111110111111111111011111111
111110111111101101111111001111111111111111111111111111101111111101101111110111111111111111010111101111111111001111111111111111110111111011101111110101110010000000000010100000010000000000000010111010111110111111101111111101011111111111111111011111111111110001111110111111110011111011111011110111
010000001000100000100110000001001000001111100110000001100001000001001100000000000101011000000000000100100001001000010001010000000000010000000010001001010010000000000010100010011000001000000000000000100001100010100000101100000010010110000100000000100000000000000000010010010010000000000000000000
111100111010111001111111001111101111111111111111110111100111111101001111101111111111111110011001111110111111001110111111111111110001111111110111110101110111110011000010100000000000000000000100111010011111111111010010111101010011011110111100010110111001111110111011111111110011111011111011110111
101110111101101101111111001110111111011111111110111111011111111101000111101011101111111111010110011111111111001101111111011111110101110011101111110101111111111100111011111011101111101111110011111100101110111111001111111101011110011111111111011111111101110001110000110111110011111011110011110111
111100111010111011111111111111101111011111110111110111101111111111011111101111111111111110011001011110111111101110111111010111110011111111110111110111110011111011000100000010000000001000000010111011011111111111011111111111110111111111111110111110111101111110111111111111111111111011111011110111
010000100000001000000110000000011111111111111111010001101001000101000111000000000001101000000000010100101001001010100100010000000000000000010110110000011010100100000100000000000000001000000010000000100010010000000000000000000010010101000110000000100100000000000000000100110000000000010010000010
111001111111111111111110000111111111111111110010011111101111101111001111111111000111111111110001011111111111111100011111111110001111111111111010101111111111111111000000100000000000000000000000111101110111111111111111111111111111000101111111111111111111111100011011111111111111111111111111111111
111101111010111101111111001011101111111111110111110111110111111101001111111111111111111110001001111110111111001110111111111111111001111111110111110101111111111111111111111111111111111111011111111111111111111111101110111101010111011111111110011110111001110110011011111111110011111011111011110011
111101011011100101110110011011111111111111110111110111010111111111101111111111111011111011101111011110011101111110111111010111111110111010110111110111101000010111001000111111111011111111011111111111111111111111001110001001110111011111111111111111110111110010011010111101001111111011111111110111
111101111010111111111111111011101111111111110111110111100111111111001111111111111111111110001001011110011111001110111111010111111011111111110111110111111011111111100000000000000000000000000000111111111111111111001110111011110111011111111101111110111001110110011011111111111111111011111011111111
111110111011101111111111111111111111011111110111110111100111111111011111111111111111111110010001011111111111001110111111010111110011111011101111110111111011110111100000000010000000001010000001111110111111111111000010111111110011011110111100110111111101110010111000111111111111111011111011110111
